4282
12/4/2005
4
700
"Wetland","Forest","Bed_Rock","Water"
1.05	1.05	1.05	1.05
1.5	1.5	-1.5	-1.8
0.4	1.1	2	2.1
1.05	1.05	1.1	1.05
110	100	100	100
-0.5	-0.9	0.1	0.3
0	0	0	0
60	83	95	45
Quick
0	0	0	0
1	1	1	1
100	100	100	100
0	0	0	0
0.2	0	0	0.2
1.5	1.5	1	1
1	1	1	1
0	0	0	0
1000	1000	1000	1000
1000	1000	1000	1000
0.5	0.5	0.5	0.5
0	0	0	0
1
0
0
0
Fast
110	110	100	120
0.9	0.94	0.94	0.94
100	100	100	100
100	100	120	120
0	0	0.01	0
15	15	15	12
0.45	0.25	0.1	0.35
1	1	1	1
1000	1000	1000	1000
1000	1000	1000	1000
0.15	0.5	0.45	0.5
0	0	0	0
0
0
1
1
Slow
120	110	100	100
0.1	0.06	0.06	0.06
100	100	100	100
100	105	100	90
0	0	0	0
32	30	55	40
1	1	1	2
0	0	0	0
250	240	1000	250
1000	1000	1000	1000
0.5	0.5	0.5	0.5
0	0	0	0
0
0
0
1
GW
100	105	100	100
1	1	1	1
1	1	1	1
100	100	100	100
0	0	0	0
90	100	75	75
1	1	1	1
0	0	0	0
250	300	1000	500
1000	1000	1000	1000
0.5	0.5	0.5	0.5
0	0	0	0
0
0
0
1
4
Lake_690
9.303
0.002
3000
8
0.85
0.98
0.007
0.99
0.088
0.001
-1.8
1.08
1.1
0
0
62.5946
114.444
14.78	25.2	38.922	21.08
Duckfish
25.15
0.043
5000
8
0.01
0.98
0.007
1
0.073
0.0001
0.9
0.9
0.9
0
0
62.64
114.44
15.5	17.1	32.9	34.4
Vital_Narrow
67.5
0.008
5000
9
1.4
0.78
0.026
1
0.116
0.0001
-2
1.01
1.1
0
0
62.5792
114.416
16.14	19.44	42.68	21.73
LOWER_MARTIN
51.45
0.088
5000
9
0.07
0.957
0.018
0.93
0.135
0.0001
1.2
0.9
0.9
0
0
62
114
16	22.4	41.3	20.3
1
0	1	0	0	
0	0.55	0.45	0	
0	0	0.05	0.95	
0	0	0	1	
2
0	1	0	0	
0	0.35	0.65	0	
0	0	0.1	0.9	
0	0	0	1	
3
0	1	0	0	
0	0.55	0.45	0	
0	0	0.35	0.65	
0	0	0	1	
4
0	1	0	0	
0	0.9	0.1	0	
0	0	0.25	0.75	
0	0	0	1	
