KM2
"ShallowPeat","DeepPeat","3","4","5","6"
"ShallowPeat","DeepPeat","3","4","5","6"
0	0	0	0.001	0.001	0.001	
0	0	0.00015	0.01	0.01	0.01	
0	0	8e-05	0.01	0.01	0.01	
8000	8000	8000	8000	8000	8000	
500000	500000	200000	300000	10000	10000	
25	25	25	25	25	25	
3	3	3	2	5	5	
500000	400000	100000	105401	10000	10000	
5	5	5	5	5	5	
20	20	3	5	1	1	
1	1	1	1	1	1	
1.6	1.6	20	20	20	20	
1/1/1987
9131
0.004	0.004	0.004	0.004	0.004	0.004	
0.0001	0.0001	0.0001	0.0001	0.0001	0.0001	
0.005	0.005	0.005	0.005	0.005	0.005	
0.0015	0.0014	0.00163715	0.00137405	0.000107835	0.000886079	
5e-05	4e-05	3e-05	3e-05	3e-05	3e-05	
0.2	0.3	0.485334	0.347926	0.392701	0.288972	
8.42879e-05	0.000130071	7.60733e-06	0.000807945	0.000138691	0.000988402	
0.0001	0.0004	2.02888e-06	0.000974358	1.87112e-05	0.000100319	
3.6e-05	3.8e-05	0.000935125	0.000274281	0.000419624	2.6139e-05	
0.07	0.07	0.07	0.07	0.07	0.07	
0.00826555	0.003	0.00276042	0.00982436	1.11199e-05	0.0012628	
20	20	10	20	20	20	
1	1	6.93192	1.77718	0.648341	4.65033	
1	1	1	1	1	1	
365	365	365	365	365	365	
0.6	0.5	0.5	0.5	0.5	0.5	
1000	1000	300	180.278	100	100	
5	5	6	4.5	4.5	4.5	
-0.01	-0.01	-0.01	-0.03	-0.03	-0.03	
6	6	6	6	6	6	
12	12	12	12	12	12	
0	0	0	0	0	0	
3	3	3	3	3	3	
0.3	0.3	1	0.3	0.3	0.3	
0.08	0.08	0.08	0.08	0.08	0.08	
10	10	12	6.6	6.6	6.6	
0	0	0	0	0	0	
0	0	0	0.0001	0	0	
6	6	6	4.5	6	6	
6	6	6	7.9	6	6	
20	20	5	20	20	20	
1	1	1	1	1	1	
0	0	0	0	0	0	
1000	1000	1000	1000	1000	1000	
1	1	1	1	1	1	
0	0	0	0	0	0	
1000	1000	1000	1000	1000	1000	
0.00104	0.00104	0.00055	0.00055	0.00055	0.00055	
1	1	1	1	1	1	
0.0009	0.0009	0.00049	0.00049	0.00049	0.00049	
1	1	1	1	1	1	
100	100	100	100	100	100	
90	90	90	90	90	90	
0.8	0.8	0.8	0.8	0.8	0.8	
0.0002	0.0002	0.0002	0.0002	0.0002	0.0002	
0.96	0.96	0.96	0.96	0.96	0.96	
1000	1000	100	100	100	100	
0.7	0.15	0.1	0.1	0.1	0.1	
1000	1000	0.9	0.9	0.9	0.9	
1	1	1	1	1	1	
0.15	0.15	0.15	0.15	0.15	0.15	
30	30	30	30	30	30	
36000	36000	36000	36000	36000	36000	
80000	80000	80000	80000	80000	80000	
0.148
5
8
1.5
5
0
5
1
KM2	3500	1	53	1	0.03	0.95	0.7	40	0	0	0	0	0	10	0	0	0	0	0	1
0.707873	50	50	0	0	0	0	0.37	0.2	0.00015	0.00035	2.265	0	100	0	0	
