4016
1/1/2010
4
0
"Urban","Arable","Pasture","Wetlands","Forest"
1.07606987802439 1.04198269103053 1.27963375015349 1.39279482741206 1.58709750532051
-1.92696824368434 1.39248029423078 1.20688087402792 1.56873437882133 1.63217830493232
3.3138080982314 0.65805069379454 1.8116782713521 0.570783526434384 3.30187154130922
0.790844561447945 0.645746130252875 0.778118535098482 0.718093095589036 1.06050649032746
0 0 0 0 0
0.290627881664227 -1.22865046842481 -1.73271352639382 -1.93099322522977 5.51936506483398
0.147613939501051 0.538889900236093 0.320269615019043 1.86688389142398 0.588485253284041
94.9325294139847 93.5915437417638 98.5616513845395 96.7365673375654 40.1818632648375
Direct_Runoff
0 0 0 0 0
1 1 1 1 1
100 100 100 100 100
0 0 0 0 0
0 0 0 0 0
1.99742473481899 1.96417591713875 1.10054345161495 1.21478911773527 1.30232769106545
1 1 1 1 1
0 0 0 0 0
1000 1000 1000 1000 1000
1000 1000 1000 1000 1000
0.2 0.2 0.2 0.2 0.2
0 0 0 0 0
1
0
0
0
Upper_Unsaturated
120 120 120 120 120
1 1 1 1 1
100 100 100 100 100
100 100 100 100 100
0 0.0634 0.0634 0 0
1.00675695257242 9.78934583934629 8.91936082939903 3.61596126002112 8.74031506625328
1.09938531554738 5.20295154501077 5.18046442670388 1.31674672932977 1.09923904823543
1 1 1 1 1
1000 1000 1000 1000 1000
1000 1000 1000 1000 1000
0.2 0.2 0.2 0.2 0.2
0 0 0 0 0
0
0
0
1
Lower_Unsaturated
110 110 110 110 110
1 1 1 1 1
100 100 100 100 100
100 100 100 100 100
0 0 0 0 0
8.2890295825709 4.08987482335234 26.1220159725323 21.9421164604036 11.2893407727443
1 1 1 1 1
0 0 0 0 0
1000 1000 1000 1000 1000
1000 1000 1000 1000 1000
0.2 0.2 0.2 0.2 0.2
0 0 0 0 0
0
0
0
1
Groundwater
110 110 110 110 110
1 1 1 1 1
100 100 100 100 100
100 100 100 100 100
0 0 0 0 0
67.1866968687851 9.67295527550323 21.8091864495405 9.61219737655922 33.9710227427696
1 1 1 1 1
0 0 0 0 0
1000 1000 1000 1000 1000
1000 1000 1000 1000 1000
0.2 0.2 0.2 0.2 0.2
0 0 0 0 0
0
0
0
1
32
LejR1T1
23.94
0.5
11636
2.5
2.86489076230692
0.503479308617401
1.30376185675092
0.175655142362512
0.0204983434000927
0.0001
0
1
1
0
0
60.012
17.849
0 1 2 1 96
LejR2T1
49.66
0.5
2404
2.5
1.94785993507107
0.696969282039433
1.88465497821623
0.232063113725952
0.0205476837455115
0.0001
0
1
1
0
0
60.065
17.817
0 6 11 1 83
LejR3T1
34.54
0.5
8006
2.5
2.10826902946884
0.485571178783797
1.51085715786323
0.163052048214536
0.00983466070245602
0.0001
0
1
1
0
0
59.989
17.869
1 19 16 1 63
LejR4T1
15.24
0.5
4361
2.5
2.44965242773594
0.717337904968711
1.76224872066829
0.162259083433867
0.0496255204067004
0.0001
0
1
1
0
0
59.961
17.752
0 26 17 0 57
TomR1T2
35.4
0.5
9611
2.5
2.30613170200535
0.70391937658186
1.88701827730381
0.214353978742496
0.0087323727757737
0.0001
0
1
1
0
0
59.989
17.869
0 17 8 3 73
StHaR1T3
39.82
0.5
13560
2.5
2.84468069528946
0.484970330934853
1.7568646290055
0.20363111860705
0.00835462639227012
0.0001
0
1
1
0
0
59.849
18.254
0 3 9 3 85
StHaR2T3
29.21
0.5
4152
2.5
2.86657940912392
0.692868768421163
1.38929604007638
0.177013048902541
0.0206457737860766
0.0001
0
1
1
0
0
59.852
18.098
0 1 0 7 92
StHaR3T3
20.07
0.5
2298
2.5
2.07680556705176
0.705304462166141
1.48258843438093
0.179664090944398
0.0091632338870628
0.0001
0
1
1
0
0
59.871
18.108
0 7 28 3 62
DamR1T5
35.79
0.5
11692
2.5
1.98641596758443
0.695140157651698
1.66344944584688
0.239699338447414
0.0347504891647588
0.0001
0
1
1
0
0
59.792
17.966
0 4 7 3 85
OsLbR1T7
7.56
1.5
1790
4
2.53282170379871
0.523268912733339
1.28657880336916
0.214809523778197
0.0885835539289662
0.0001
0
1
1
0
0
59.877
17.95
11 1 1 3 84
TreR1T12
6.4
0.5
2711
6
2.06049470477428
0.617220548115265
1.62201681336084
0.168054339706615
0.0892275956913655
0.0001
0
1
1
0
0
59.798
17.884
0 0 2 5 93
TreR2T12
3.54
0.5
1488
6
2.81330598151112
0.694324684722194
1.2891470841913
0.237261406729541
0.097906725485004
0.0001
0
1
1
0
0
59.817
17.91
0 1 3 1 95
TreR3T12
5
0.5
116
2.5
2.43062446084139
0.523225968999612
1.7962866345099
0.237052430416806
0.0805884519624748
0.0001
0
1
1
0
0
59.829
17.914
0 0 0 0 100
TreR4T12
14.18
0.1
2916
6
2.78173640504466
0.566929490545387
1.30040486941872
0.181460706152877
0.0587786470317427
0.0001
0
1
1
0
0
59.83
17.91
9 1 3 2 84
TreR5T12
4.58
0.5
3464
5
2.83939258048586
0.49265179210046
1.41670624890551
0.172630919725888
0.0953301048833559
0.0001
0
1
1
0
0
59.832
17.882
5 9 11 2 73
UbbR1T13
18.39
0.5
3464
5
2.01076097943721
0.67235980224269
1.89062033322667
0.220130436003921
0.0751656021246363
0.0001
0
1
1
0
0
59.754
18.054
0 1 2 6 91
UbbR2T13
33.13
0.5
10011
6
2.08144443521258
0.697304221514142
1.87433707613902
0.167314189723705
0.0530010458843408
0.0001
0
1
1
0
0
59.794
18.154
0 8 15 4 74
UbbR3T13
6.36
0.5
2666
6
2.01833449652814
0.532531220879829
1.3694159962234
0.225249971950709
0.0943297765365637
0.0001
0
1
1
0
0
59.744
18.049
0 43 17 1 38
VidR1T14
54.92
0.1
1000
10
2.45225014917288
0.485181664479921
1.90908125265331
0.232199628944461
0.0987788383599439
0.0001
0
1
1
0
0
45
0
0 19 16 3 62
StHbR1T4
22.43
0.5
2298
10
2.6598365799027
0.672400581180047
1.87949961085345
0.198534638772072
0.0122086417196945
0.0001
0
1
1
0
0
59.868
18.067
3 5 12 3 77
StoR1T15
80.01
2
15594
6
2.00815001322255
0.650924810760556
1.81475146287933
0.16762598064016
0.0464208670349588
0.0001
0
1
1
0
0
59.741
18.015
0 20 14 2 64
OsLaR1T6
5.35
1.5
2671
6
2.84930354217007
0.669304538071521
1.33861752740007
0.163894866862043
0.0575690050688244
0.0001
0
1
1
0
0
59.874
18.033
4 6 3 1 86
OsLaR2T6
8.11
1.5
557
6
2.85768203634055
0.496416755889848
1.76148353371549
0.238283591232937
0.0931464716547543
0.0001
0
1
1
0
0
59.88
17.986
0 3 4 4 89
OsLcR1T8
0.34
1.5
555
5
2.62106527047225
0.575878402064524
1.31639352730719
0.229850729426589
0.0631805429631185
0.0001
0
1
1
0
0
59.869
17.946
32 9 15 3 40
OsLcR2T8
7.82
1.5
3530
6
2.57168195179265
0.544924422216956
1.84053855507395
0.161849717391052
0.0993115463226926
0.0001
0
1
1
0
0
59.883
17.968
0 3 8 5 84
VisR1T9
8.56
1.5
7129
6
2.55339809740974
0.611923688704918
1.78354966291428
0.202702641918584
0.0081514330406209
0.0001
0
1
1
0
0
59.875
17.901
0 3 12 1 83
FunR1T10
19.17
2
3758
6
1.92837524394235
0.711669001573443
1.29941715057279
0.22005886090059
0.0873261691676788
0.0001
0
1
1
0
0
59.891
17.881
4 21 14 2 58
FunR2T10
35.4
2
2843
6
2.29016214752961
0.692060369828514
1.36644376078176
0.174567777026646
0.0849716322218438
0.0001
0
1
1
0
0
59.859
17.86
6 30 5 3 56
FunbR1T11
46.21
2.8
5495
10
2.81601442659674
0.683446053570056
1.51667478957714
0.179254968213856
0.0143873748467933
0.0001
0
1
1
0
0
59.835
17.844
2 42 14 1 40
SavR1T16
19.7
2.8
1900
10
1.94333357266968
0.529090323480755
1.64053647222616
0.161719331378505
0.0495149637225785
0.0001
0
1
1
0
0
59.831
17.692
9 35 9 3 45
SavR2T16
2.21
2.8
600
10
2.11160861981462
0.570196761446451
1.36098251223079
0.232404461191545
0.00742537339395469
0.0001
0
1
1
0
0
59.807
17.784
54 32 5 0 9
SavR3T16
9.99
2.8
700
10
2.8483570103766
0.645352340147983
1.34747509076814
0.189867276779346
0.0631448888007255
0.0001
0
1
1
0
0
59.829
17.704
36 37 12 0 15
1
0 1 0 0
0 0.5 0.5 0
0 0 0.5 0.5
0 0 0 1
2
0 1 0 0
0 0.5 0.5 0
0 0 0.5 0.5
0 0 0 1
3
0 1 0 0
0 0.5 0.5 0
0 0 0.5 0.5
0 0 0 1
4
0 1 0 0
0 0.5 0.5 0
0 0 0.5 0.5
0 0 0 1
5
0 1 0 0
0 0.5 0.5 0
0 0 0.5 0.5
0 0 0 1
