86400
2192
01/01/2008 12:00:00
4
0
"Forest_on_till1","Wetland1","Lake1","Forest_on_sediment1"
0.81	1	1	1
1.83	1.57	0	0
2.3	2	2	2
0.94	1	1	1
70	70	70	70
1.5	1	1	1
0.22	0.15	0.01	0.15
55	60	60	60
10	10	10	10
0.7	0.7	0.7	0.7
6.6	6.6	6.6	6.6
-0.25	-0.25	-0.25	-0.25
0.1	0.1	0.1	0.1
Overland1
0	0	0	0
1	1	1	1
100	100	100	100
0	0	0	0
0	0	0	0
1.5	1.5	20	1.5
1	1	1	1
0	0	0	0
1000	1000	1000	1000
1000	1000	1000	1000
0.2	0.2	0.2	0.2
0	0	0	0
1
0
0
0
Fast1
102	102	200	102
1	1	1	1
100	100	100	100
100	100	200	100
0	0	0	0
2.45762	2	20	2.99584
1	1	1	0.991212
1	1	1	1
1000	1000	1000	1000
1000	1000	1000	1000
0.2	0.2	0.2	0.2
0	0	0	0
0
0
0
1
Slow1
102	102	200	102
1	1	1	1
100	100	100	100
100	100	200	100
0	0	0	0
10	10	20	6.4771
1	1	1	1
0	0	0	0
1000	1000	1000	1000
1000	1000	1000	1000
0.2	0.2	0.2	0.2
0	0	0	0
0
0
0
1
GW1
120	120	200	120
1	1	1	1
100	100	100	100
100	100	200	100
0	0	0	0
70	70	20	70
1	1	1	1
0	0	0	0
1000	1000	1000	1000
1000	1000	1000	1000
0.2	0.2	0.2	0.2
0	0	0	0
0
0
0
0
14
C01
0.48
0.00562
1000
1
2.71
0.557
0.349
0.341
0.11
0.002
0.3
1.08
1
0
0
64.23
19.77
98	2	0	0
C02
0.12
0.00028
1000
1
2.71
0.557
0.349
0.341
0.11
0.002
0.3
1.08
1.11
0
0
64.23
19.77
100	0	0	0
C04
0.18
0.0023
200
1
2.71
0.557
0.349
0.341
0.11
0.002
0.3
1.08
1.11
0
0
64.23
19.77
55.9	44.1	0	0
C05
0.65
0.006
200
1
2.71
0.557
0.349
0.341
0.11
0.002
0.3
1.08
1.11
0
0
64.23
19.77
54.1	39.5	6.4	0
C10
3.36
0.04
3000
1
2.71
0.557
0.349
0.341
0.11
0.002
0.3
1.08
1.11
0
0
64.23
19.77
73.53	26.1	0	0.37
C15
19.13
0.208
20000
1
2.71
0.557
0.349
0.341
0.11
0.002
0.3
1.08
1.11
0
0
64.23
19.77
75.24	14.5	2.4	7.86
C20
1.45
0.2
1000
1
2.71
0.557
0.349
0.341
0.11
0.002
0.3
1.08
1.11
0
0
64.23
19.77
68.45	9.6	0	21.95
C06
0.45
0.0022
1000
1
2.71
0.557
0.349
0.341
0.11
0.002
0.3
1.08
1.11
0
0
64.23
19.77
96.39	3.57	0.04	0
C07
0.17
0.0022
1000
1
2.71
0.557
0.349
0.341
0.11
0.002
0.3
1.08
1.11
0
0
64.23
19.77
96.93	3.07	0	0
C12
1.6
0.046
4000
1
2.71
0.557
0.349
0.341
0.11
0.002
0.3
1.08
1.11
0
0
64.23
19.77
80.78	3.41	0	15.81
C14
12.65
0.17
10000
1
2.71
0.557
0.349
0.341
0.11
0.002
0.3
1.08
1.11
0
0
64.23
19.77
54.09	4.92	0.78	40.21
C09
1.31
0.007
4000
1
2.71
0.557
0.349
0.341
0.11
0.002
0.3
1.08
1.11
0
0
64.23
19.77
88.57	3.72	0.11	7.61
C13
4.12
0.1
8000
1
2.71
0.557
0.349
0.341
0.11
0.002
0.3
1.08
1.11
0
0
64.23
19.77
69.63	7.64	0.14	22.59
C16
22.23
0.683
25000
1
2.71
0.557
0.349
0.341
0.11
0.002
1
1.08
1.11
0
0
64.23
19.77
45.3	3.19	0.32	51.18
1
0	1	0	0	
0	0.4	0.6	0	
0	0	0.4	0.6	
0	0	0	1	
2
0	1	0	0	
0	0.54	0.46	0	
0	0	0.59	0.41	
0	0	0	1	
3
0	1	0	0	
0	0.5	0.5	0	
0	0	0.5	0.5	
0	0	0	1	
4
0	1	0	0	
0	0.5	0.5	0	
0	0	0.5	0.5	
0	0	0	1	
