Thames
Urban,Int.Agri,NonIntAgri,Wetlands,Forest
Urban,Intensive Agriculture,Non-Intensive Agriculture,Wetlands and fens,Forest
0.001	0.001	0.001	0.001	0.001	
0.01	0.01	0.01	0.01	0.01	
200	200	200	200	200	
200	200	200	200	200	
20	20	20	20	20	
1/1/2002
2256
30	30	30	30	30	
120	120	120	120	120	
150	150	150	150	150	
4.5	4.5	4.5	4.5	4.5	
9999	9999	9999	9999	9999	
9999	9999	9999	9999	9999	
2	2	2	2	2	
20	20	20	20	20	
0	0.6	0.09	0	0	
3	3	3	3	3	
0.3	0.3	0.3	0.3	0.3	
-0.025	-0.025	-0.025	-0.025	-0.025	
0.7	0.7	0.7	0.7	0.7	
6.6	6.6	6.6	6.6	6.6	
0.66	0.66	0.66	0.66	0.66	
0.34	0.34	0.34	0.34	0.34	
0.6	0.6	0.6	0.6	0.6	
0.1	0.1	0.1	0.1	0.1	
0.1	0.1	0.1	0.1	0.1	
0	0	10000	0	0	
1	1	1	1	1	
366	366	366	366	366	
0	0	1000	0	0	
1	1	1	1	1	
366	366	366	366	366	
0	0	0	0	0	
1	1	1	1	1	
366	366	366	366	366	
0	0	0	0	0	
2	2	2	2	2	
4	4	4	4	4	
2	2	2	2	2	
0.01
10000
10000
20
0
30
22
TR01
TR01
547.86
8.36	37.78	40.7	2.08	11.08	
0.68	0.5	0.05	5	
30	0.6	56	0.001	9999	
0	0	200	
0	0	
8000	0.0207	0.67	0.008645	0	51.6603	-1.7911	19	0.0002	0.008	
0.1	0.3	0.005	0.2	0.65	0.1	0.5	0	10000	1
TR02
TR02
449.93
6.69	48.47	32.8	1.76	10.28	
0.68	0.5	0.05	5	
30	0.6	56	0.001	9999	
0	0	200	
0	0	
12800	0.0207	0.67	0	0	51.681	-1.6687	19.8	0.0002	0.008	
0.1	0.3	0.005	0.2	0.65	0.1	0.5	0	10000	0
TR03
TR03
87.01
4.01	59.65	27.71	0.57	8.06	
0.68	0.5	0.05	5	
30	0.6	56	0.001	9999	
0	0	200	
0	0	
12600	0.0207	0.67	0.00098727	0	51.698	-1.5319	20.3	0.0002	0.008	
0.1	0.3	0.005	0.2	0.65	0.1	0.5	0	10000	1
TR04
TR04
524.16
5.18	49.04	32.82	1.71	11.25	
0.68	0.5	0.05	5	
30	0.6	56	0.001	9999	
0	0	200	
0	0	
20700	0.0207	0.67	0	0	51.761	-1.3617	25.3	0.0002	0.008	
0.1	0.3	0.005	0.2	0.65	0.1	0.5	0	10000	0
TR05
TR05
489.41
5.14	48.08	31.07	1.46	14.25	
0.68	0.5	0.05	5	
30	0.6	56	0.001	9999	
0	0	200	
0	0	
6750	0.0207	0.67	0.045073	0	51.788	-1.3062	45.5	0.0002	0.008	
0.1	0.3	0.005	0.2	0.65	0.1	0.5	0	10000	1
TR06
TR06
36.44
21.86	31.81	31.54	1.95	12.84	
0.68	0.5	0.05	5	
30	0.6	56	0.001	9999	
0	0	200	
0	0	
5670	0.0207	0.67	0	0	51.749	-1.2691	51.1	0.0002	0.008	
0.1	0.3	0.005	0.2	0.65	0.1	0.5	0	10000	0
TR07
TR07
931.92
7.48	46.6	34.98	0.73	10.21	
0.68	0.5	0.05	5	
30	0.6	56	0.001	9999	
0	0	200	
0	0	
13000	0.0207	0.67	0.076	0	51.708	-1.2307	85.6	0.0002	0.008	
0.1	0.3	0.005	0.2	0.65	0.1	0.5	0	10000	1
TR08
TR08
33.49
19.81	39.45	26.12	2.85	11.77	
0.68	0.5	0.05	5	
30	0.6	56	0.001	9999	
0	0	200	
0	0	
1820	0.0207	0.67	0	0	51.67	-1.2675	85.6	0.0002	0.008	
0.1	0.3	0.005	0.2	0.65	0.1	0.5	0	10000	0
TR09
TR09
322.97
8.37	50.87	31.53	1.3	7.93	
0.68	0.5	0.05	5	
30	0.6	56	0.001	9999	
0	0	200	
0	0	
4140	0.0207	0.67	0.12406	0	51.649	-1.2641	85.7	0.0002	0.008	
0.1	0.3	0.005	0.2	0.65	0.1	0.5	0	10000	1
TR10
TR10
57.65
13.86	42.44	34.85	3.41	5.44	
0.68	0.5	0.05	5	
30	0.6	56	0.001	9999	
0	0	200	
0	0	
9320	0.0207	0.67	0.107	0	51.637	-1.1797	64.5	0.0002	0.008	
0.1	0.3	0.005	0.2	0.65	0.1	0.5	0	10000	1
TR11
TR11
719.91
7.73	38.83	44.81	0.4	8.23	
0.68	0.5	0.05	5	
30	0.6	56	0.001	9999	
0	0	200	
0	0	
6380	0.0207	0.67	0.0056669	0	51.616	-1.1153	94	0.0002	0.008	
0.1	0.3	0.005	0.2	0.65	0.1	0.5	0	10000	1
TR12
TR12
188.06
8.04	39.85	44	0.91	7.2	
0.68	0.5	0.05	5	
30	0.6	56	0.001	9999	
0	0	200	
0	0	
18010	0.0207	0.67	0.034883	0	51.487	-1.0861	109	0.0002	0.008	
0.1	0.3	0.005	0.2	0.65	0.1	0.5	0	10000	1
TR13
TR13
246.05
9.99	39.46	28.9	3.4	18.25	
0.68	0.5	0.05	5	
30	0.6	56	0.001	9999	
0	0	200	
0	0	
10760	0.0207	0.67	0.015	0	51.46	-0.9616	128.8	0.0002	0.008	
0.1	0.3	0.005	0.2	0.65	0.1	0.5	0	10000	1
TR14
TR14
1169.4
7.49	43.02	31.09	3.39	15.01	
0.68	0.5	0.05	5	
30	0.6	56	0.001	9999	
0	0	200	
0	0	
8910	0.0207	0.67	0	0	51.501	-0.8812	124	0.0002	0.008	
0.1	0.3	0.005	0.2	0.65	0.1	0.5	0	10000	0
TR15
TR15
974.83
22.48	23.77	29.99	2.46	21.3	
0.68	0.5	0.05	5	
30	0.6	56	0.001	9999	
0	0	200	
0	0	
18990	0.0207	0.67	0.028341	0	51.567	-0.7677	159.4	0.0002	0.008	
0.1	0.3	0.005	0.2	0.65	0.1	0.5	0	10000	1
TR16
TR16
196.88
20.76	26.14	32.63	1.66	18.81	
0.68	0.5	0.05	5	
30	0.6	56	0.001	9999	
0	0	200	
0	0	
13660	0.0207	0.67	0.22525	0	51.509	-0.6893	130.1	0.0002	0.008	
0.1	0.3	0.005	0.2	0.65	0.1	0.5	0	10000	1
TR17
TR17
101.41
27.52	28.76	27.8	1.55	14.37	
0.68	0.5	0.05	5	
30	0.6	56	0.001	9999	
0	0	200	
0	0	
8850	0.0207	0.67	0	0	51.492	-0.6019	105.3	0.0002	0.008	
0.1	0.3	0.005	0.2	0.65	0.1	0.5	0	10000	0
TR18
TR18
114.81
33.39	12.17	30.28	3.77	20.39	
0.68	0.5	0.05	5	
30	0.6	56	0.001	9999	
0	0	200	
0	0	
9540	0.0207	0.67	0.073931	0	51.441	-0.5546	88.5	0.0002	0.008	
0.1	0.3	0.005	0.2	0.65	0.1	0.5	0	10000	1
TR19
TR19
935.68
22.17	33.54	27.01	1.13	16.15	
0.68	0.5	0.05	5	
30	0.6	56	0.001	9999	
0	0	200	
0	0	
2000	0.0207	0.67	0	0	51.436	-0.5288	102.5	0.0002	0.008	
0.1	0.3	0.005	0.2	0.65	0.1	0.5	0	10000	0
TR20
TR20
139.16
37.69	6.69	23.23	4.63	27.76	
0.68	0.5	0.05	5	
30	0.6	56	0.001	9999	
0	0	200	
0	0	
8460	0.0207	0.67	0	0	51.4	-0.4909	104.5	0.0002	0.008	
0.1	0.3	0.005	0.2	0.65	0.1	0.5	0	10000	0
TR21
TR21
1102.4
20.28	20.49	26.27	4.26	28.7	
0.68	0.5	0.05	5	
30	0.6	56	0.001	9999	
0	0	200	
0	0	
9540	0.0207	0.67	0	0	51.405	-0.3458	151	0.0002	0.008	
0.1	0.3	0.005	0.2	0.65	0.1	0.5	0	10000	0
TR22
TR22
589.24
28.42	15.64	30.54	1.22	24.18	
0.68	0.5	0.05	5	
30	0.6	56	0.001	9999	
0	0	200	
0	0	
7740	0.0207	0.67	0.715	0	51.429	-0.3166	186.9	0.0002	0.008	
0.1	0.3	0.005	0.2	0.65	0.1	0.5	0	10000	1
